0 0.5 0.144792 0.0625 0.0145833 0.304102
0 0.235156 0.438542 0.0609375 0.0104167 0.314607
0 0.415625 0.613542 0.065625 0.0145833 0.314803
0 0.496875 0.230208 0.0625 0.0145833 0.316483
0 0.125781 0.290625 0.0546875 0.0104167 0.323617
0 0.224219 0.776042 0.0578125 0.0145833 0.350249
0 0.18125 0.332292 0.053125 0.0145833 0.35982
0 0.111719 0.732292 0.0515625 0.0145833 0.368771
0 0.625781 0.270833 0.0640625 0.0125 0.372057
0 0.554688 0.627083 0.0625 0.0125 0.386924
0 0.485938 0.6375 0.06875 0.0125 0.394845
0 0.0703125 0.413542 0.053125 0.0104167 0.399954
0 0.485156 0.647917 0.0640625 0.0166667 0.423958
0 0.184375 0.261458 0.053125 0.0145833 0.430336
0 0.552344 0.688542 0.0640625 0.0145833 0.440254
0 0.4875 0.590625 0.06875 0.0145833 0.442352
0 0.43125 0.215625 0.059375 0.0145833 0.45368
0 0.284375 0.901042 0.059375 0.0145833 0.454112
0 0.298438 0.386458 0.059375 0.0145833 0.456832
0 0.302344 0.297917 0.0609375 0.0125 0.459696
0 0.346094 0.914583 0.0578125 0.0166667 0.466397
0 0.484375 0.65625 0.065625 0.0125 0.466868
0 0.0601562 0.770833 0.0515625 0.0166667 0.468862
0 0.414062 0.608333 0.065625 0.0125 0.476507
0 0.365625 0.254167 0.0625 0.0125 0.504861
0 0.135937 0.172917 0.05625 0.0166667 0.532717
0 0.414062 0.79375 0.065625 0.0125 0.535782
0 0.167187 0.729167 0.059375 0.0125 0.5453
0 0.196875 0.08125 0.05 0.0125 0.560829
0 0.175781 0.414583 0.0546875 0.0125 0.578449
0 0.433594 0.158333 0.0609375 0.0125 0.6041
0 0.497656 0.221875 0.0609375 0.0145833 0.606742
0 0.059375 0.901042 0.05 0.01875 0.614115
0 0.065625 0.435417 0.05 0.0125 0.614206
0 0.43125 0.201042 0.0625 0.0145833 0.616473
0 0.282813 0.804167 0.059375 0.0125 0.624087
0 0.172656 0.558333 0.0515625 0.0125 0.628673
0 0.225 0.782292 0.05625 0.0145833 0.636587
0 0.164844 0.905208 0.0546875 0.01875 0.638597
0 0.423438 0.4375 0.0625 0.0125 0.641496
0 0.130469 0.25625 0.0515625 0.0125 0.642325
0 0.503125 0.109375 0.06875 0.0145833 0.642716
0 0.0585938 0.790625 0.0515625 0.01875 0.646901
0 0.555469 0.622917 0.0671875 0.0166667 0.649017
0 0.241406 0.266667 0.0609375 0.0125 0.650085
0 0.483594 0.697917 0.0640625 0.0125 0.654103
0 0.282813 0.773958 0.059375 0.0145833 0.654971
0 0.435156 0.136458 0.0609375 0.0145833 0.655001
0 0.345313 0.86875 0.059375 0.0125 0.655953
0 0.183594 0.254167 0.0546875 0.0125 0.656524
0 0.283594 0.913542 0.0578125 0.0145833 0.661497
0 0.0601562 0.734375 0.0515625 0.0145833 0.664196
0 0.496094 0.241667 0.0640625 0.0125 0.66654
0 0.167187 0.761458 0.059375 0.0145833 0.674884
0 0.476562 0.883333 0.0625 0.0125 0.67507
0 0.364062 0.28125 0.059375 0.0125 0.677133
0 0.422656 0.465625 0.0609375 0.0145833 0.67765
0 0.0625 0.660417 0.053125 0.0125 0.682496
0 0.232031 0.4625 0.0609375 0.0125 0.68454
0 0.80625 0.316667 0.05625 0.0166667 0.685887
0 0.179688 0.35 0.05625 0.0125 0.688704
0 0.557031 0.430208 0.0609375 0.0145833 0.691625
0 0.182031 0.294792 0.0546875 0.0104167 0.691927
0 0.0585938 0.873958 0.0515625 0.01875 0.694167
0 0.359375 0.435417 0.0625 0.0125 0.698265
0 0.483594 0.59375 0.0671875 0.0125 0.700469
0 0.0640625 0.547917 0.053125 0.0125 0.70054
0 0.110937 0.911458 0.053125 0.01875 0.70613
0 0.1125 0.776042 0.05 0.0145833 0.709627
0 0.228125 0.664583 0.059375 0.0125 0.710705
0 0.192969 0.119792 0.0546875 0.0145833 0.71373
0 0.3 0.33125 0.059375 0.0125 0.717157
0 0.30625 0.204167 0.059375 0.0125 0.717778
0 0.288281 0.577083 0.0671875 0.0125 0.724118
0 0.090625 0.101042 0.05 0.0145833 0.7255
0 0.476562 0.923958 0.0625 0.0145833 0.732368
0 0.428906 0.302083 0.0640625 0.0125 0.73337
0 0.427344 0.345833 0.0640625 0.0125 0.73474
0 0.117188 0.541667 0.053125 0.0125 0.736335
0 0.1125 0.863542 0.053125 0.01875 0.737429
0 0.25 0.135417 0.05625 0.0125 0.739285
0 0.121094 0.4125 0.0546875 0.0125 0.740884
0 0.561719 0.201042 0.0609375 0.0145833 0.744122
0 0.0765625 0.29375 0.053125 0.0125 0.744705
0 0.495313 0.366667 0.065625 0.0125 0.745912
0 0.225 0.723958 0.05625 0.0145833 0.746239
0 0.188281 0.210417 0.0546875 0.0125 0.74715
0 0.740625 0.778125 0.0625 0.0145833 0.747405
0 0.685938 0.305208 0.059375 0.0145833 0.747679
0 0.367188 0.226042 0.059375 0.0145833 0.749478
0 0.410156 0.871875 0.0671875 0.0145833 0.753089
0 0.283594 0.939583 0.0578125 0.0166667 0.753582
0 0.540625 0.957292 0.065625 0.0145833 0.755399
0 0.196094 0.0854167 0.0546875 0.0125 0.758536
0 0.0625 0.610417 0.053125 0.0125 0.76056
0 0.167187 0.66875 0.053125 0.0125 0.765379
0 0.114063 0.63125 0.053125 0.0125 0.772724
0 0.5 0.182292 0.0625 0.0145833 0.77395
0 0.4375 0.0875 0.059375 0.0125 0.774401
0 0.221875 0.934375 0.0625 0.01875 0.775772
