0 0.432813 0.165625 0.09375 0.0145833 0.338492
0 0.857031 0.160417 0.0484375 0.0208333 0.345192
0 0.352344 0.671875 0.0671875 0.0145833 0.354781
0 0.542188 0.978125 0.065625 0.0145833 0.369074
0 0.90625 0.172917 0.053125 0.0208333 0.387634
0 0.2375 0.388542 0.059375 0.0145833 0.429357
0 0.35 0.678125 0.065625 0.01875 0.496637
0 0.808594 0.49375 0.0578125 0.0166667 0.498204
0 0.492969 0.402083 0.0734375 0.0166667 0.569963
0 0.908594 0.15625 0.0515625 0.0208333 0.574386
0 0.55625 0.467708 0.065625 0.0145833 0.594492
0 0.0601562 0.660417 0.0515625 0.0125 0.610705
0 0.547656 0.801042 0.0703125 0.0145833 0.623599
0 0.55625 0.490625 0.06875 0.0145833 0.636682
0 0.857031 0.14375 0.0515625 0.0208333 0.65271
0 0.683594 0.651042 0.0640625 0.0145833 0.658518
0 0.9125 0.435417 0.053125 0.0166667 0.668191
0 0.909375 0.516667 0.05 0.0125 0.67102
0 0.492188 0.417708 0.06875 0.0145833 0.673131
0 0.110156 0.802083 0.0578125 0.0208333 0.677109
0 0.0632813 0.540625 0.0546875 0.0145833 0.677436
0 0.114844 0.588542 0.0546875 0.0145833 0.681395
0 0.169531 0.598958 0.0546875 0.0145833 0.686678
0 0.5625 0.260417 0.065625 0.0166667 0.692389
0 0.41875 0.598958 0.06875 0.0145833 0.696596
0 0.353906 0.567708 0.0640625 0.0145833 0.699035
0 0.900781 0.888542 0.0515625 0.0145833 0.704118
0 0.678125 0.798958 0.065625 0.0145833 0.709903
0 0.350781 0.683333 0.0671875 0.0166667 0.711982
0 0.357812 0.421875 0.071875 0.0145833 0.712448
0 0.908594 0.191667 0.0515625 0.0208333 0.712835
0 0.476562 0.904167 0.0625 0.0166667 0.71536
0 0.796094 0.786458 0.0578125 0.0145833 0.715617
0 0.36875 0.225 0.0625 0.0166667 0.71844
0 0.910156 0.59375 0.0515625 0.0166667 0.726975
0 0.0617188 0.630208 0.0515625 0.0145833 0.730124
0 0.788281 0.960417 0.0546875 0.0166667 0.730816
0 0.623438 0.482292 0.065625 0.0145833 0.734372
0 0.805469 0.217708 0.0578125 0.0229167 0.735544
0 0.247656 0.190625 0.0609375 0.01875 0.738475
0 0.627344 0.240625 0.0671875 0.01875 0.741711
0 0.125781 0.335417 0.0578125 0.0166667 0.742313
0 0.844531 0.940625 0.0546875 0.01875 0.742372
0 0.0875 0.15625 0.053125 0.0166667 0.742388
0 0.34375 0.947917 0.0625 0.0208333 0.74327
0 0.43125 0.259375 0.065625 0.0145833 0.746212
0 0.139062 0.109375 0.05625 0.01875 0.746539
0 0.678906 0.771875 0.0640625 0.0145833 0.747124
0 0.410156 0.9125 0.0609375 0.0166667 0.747126
0 0.221875 0.83125 0.0625 0.0208333 0.747681
0 0.34375 0.891667 0.0625 0.0166667 0.750036
0 0.689062 0.446875 0.0625 0.0145833 0.750583
0 0.566406 0.135417 0.0640625 0.0166667 0.751783
0 0.059375 0.705208 0.053125 0.0145833 0.752649
0 0.289844 0.560417 0.0640625 0.0166667 0.752819
0 0.501562 0.084375 0.065625 0.01875 0.753059
0 0.410156 0.9625 0.0609375 0.0166667 0.753177
0 0.490625 0.478125 0.065625 0.0145833 0.753625
0 0.163281 0.873958 0.0578125 0.01875 0.75368
0 0.849219 0.813542 0.0546875 0.0145833 0.755559
0 0.478906 0.759375 0.0640625 0.0145833 0.758013
0 0.689844 0.222917 0.0640625 0.0208333 0.758564
0 0.911719 0.35 0.0515625 0.0166667 0.760479
0 0.626562 0.426042 0.065625 0.0145833 0.761453
0 0.860156 0.452083 0.0546875 0.0166667 0.771317
0 0.742969 0.692708 0.0609375 0.0145833 0.772302
0 0.750781 0.426042 0.0640625 0.01875 0.772935
0 0.855469 0.6625 0.0578125 0.0166667 0.774963
0 0.0789063 0.246875 0.0515625 0.0145833 0.77612
0 0.672656 0.908333 0.0703125 0.0166667 0.779294
0 0.253906 0.10625 0.0578125 0.0166667 0.780407
0 0.189063 0.1875 0.05625 0.0166667 0.784374
0 0.307031 0.208333 0.0578125 0.0166667 0.784708
0 0.897656 0.953125 0.0515625 0.01875 0.784952
0 0.9 0.852083 0.053125 0.0166667 0.785753
0 0.194531 0.090625 0.0546875 0.01875 0.797232
0 0.0765625 0.305208 0.053125 0.0145833 0.800717
0 0.121094 0.411458 0.0578125 0.0145833 0.802933
0 0.364062 0.320833 0.06875 0.0166667 0.803694
0 0.4375 0.1625 0.0625 0.0166667 0.805501
0 0.541406 0.928125 0.0671875 0.0145833 0.806761
0 0.358594 0.477083 0.0671875 0.0166667 0.807742
0 0.244531 0.253125 0.0609375 0.0145833 0.811569
0 0.626562 0.371875 0.065625 0.01875 0.81823
