0 0.564844 0.1125 0.0671875 0.0166667 0.31006
0 0.0609375 0.322917 0.046875 0.0125 0.326032
0 0.0625 0.773958 0.05625 0.0145833 0.331013
0 0.421094 0.608333 0.0640625 0.0166667 0.333684
0 0.864062 0.683333 0.046875 0.0125 0.382086
0 0.0617188 0.783333 0.0546875 0.0166667 0.404729
0 0.422656 0.597917 0.0640625 0.0166667 0.409964
0 0.35 0.911458 0.06875 0.01875 0.486134
0 0.911719 0.405208 0.0546875 0.0145833 0.545581
0 0.627344 0.230208 0.0609375 0.0145833 0.55636
0 0.0632813 0.615625 0.0546875 0.0145833 0.565648
0 0.0632813 0.55 0.0546875 0.0125 0.57696
0 0.909375 0.589583 0.053125 0.0125 0.595758
0 0.749219 0.122917 0.0578125 0.0166667 0.598994
0 0.85625 0.01875 0.04375 0.0208333 0.601001
0 0.748438 0.16875 0.059375 0.0166667 0.607868
0 0.0609375 0.791667 0.053125 0.0166667 0.608025
0 0.805469 0.475 0.0546875 0.0125 0.641786
0 0.408594 0.964583 0.0609375 0.0166667 0.64874
0 0.909375 0.16875 0.053125 0.0208333 0.652667
0 0.807031 0.429167 0.0546875 0.0125 0.655288
0 0.910937 0.419792 0.05625 0.0145833 0.658754
0 0.563281 0.138542 0.0640625 0.0145833 0.669932
0 0.291406 0.578125 0.0671875 0.0145833 0.67006
0 0.0617188 0.610417 0.0578125 0.0166667 0.687188
0 0.90625 0.0291667 0.046875 0.0208333 0.688887
0 0.625781 0.403125 0.0640625 0.0145833 0.695932
0 0.119531 0.540625 0.0546875 0.0145833 0.69839
0 0.422656 0.463542 0.0703125 0.0145833 0.703864
0 0.749219 0.308333 0.0578125 0.0166667 0.708535
0 0.172656 0.557292 0.0578125 0.0145833 0.713219
0 0.559375 0.455208 0.0625 0.0145833 0.713476
0 0.607031 0.960417 0.0671875 0.0166667 0.715623
0 0.689062 0.403125 0.0625 0.0145833 0.730474
0 0.855469 0.133333 0.0515625 0.0166667 0.730518
0 0.421094 0.588542 0.0671875 0.0145833 0.730859
0 0.910156 0.63125 0.0515625 0.0125 0.745432
0 0.909375 0.2375 0.053125 0.0166667 0.749632
0 0.16875 0.63125 0.053125 0.0125 0.786704
