0 0.196875 0.0927083 0.053125 0.0145833 0.318983
0 0.346094 0.935417 0.0671875 0.0208333 0.348186
0 0.0734375 0.407292 0.0625 0.0145833 0.417043
0 0.344531 0.946875 0.0703125 0.0229167 0.50229
0 0.689062 0.352083 0.065625 0.0208333 0.58238
0 0.078125 0.30625 0.05625 0.0166667 0.59422
0 0.225 0.597917 0.059375 0.0166667 0.658643
0 0.250781 0.136458 0.0609375 0.01875 0.664483
0 0.898438 0.859375 0.059375 0.0229167 0.689896
0 0.857813 0.195833 0.053125 0.0208333 0.693265
0 0.548437 0.796875 0.065625 0.01875 0.698884
0 0.805469 0.173958 0.0609375 0.0229167 0.704408
0 0.059375 0.703125 0.053125 0.01875 0.705345
0 0.48125 0.807292 0.06875 0.01875 0.712993
0 0.0617188 0.629167 0.0546875 0.0166667 0.716728
0 0.628125 0.116667 0.06875 0.0208333 0.721038
0 0.497656 0.221875 0.0703125 0.01875 0.725284
0 0.897656 0.894792 0.0578125 0.0229167 0.727793
0 0.546094 0.836458 0.0640625 0.01875 0.734239
0 0.478906 0.830208 0.0671875 0.0229167 0.736117
0 0.544531 0.902083 0.0640625 0.0208333 0.737023
0 0.430469 0.257292 0.0703125 0.01875 0.741535
0 0.06875 0.447917 0.059375 0.0166667 0.750863
0 0.344531 0.954167 0.0734375 0.0208333 0.752242
0 0.558594 0.434375 0.0703125 0.01875 0.759075
0 0.564844 0.0947917 0.0609375 0.0229167 0.768381
0 0.908594 0.186458 0.0546875 0.0229167 0.769202
0 0.0875 0.176042 0.05625 0.01875 0.770102
0 0.911719 0.261458 0.0515625 0.0229167 0.788263
0 0.625781 0.371875 0.0671875 0.0229167 0.790221
0 0.608594 0.961458 0.0734375 0.01875 0.801923
0 0.560156 0.327083 0.0703125 0.0208333 0.803438
