0 0.0640625 0.54375 0.053125 0.0125 0.307596
0 0.910937 0.429167 0.05625 0.0166667 0.309178
0 0.0601562 0.682292 0.0515625 0.0145833 0.31086
0 0.224219 0.839583 0.0703125 0.0208333 0.31961
0 0.907812 0.160417 0.053125 0.025 0.347801
0 0.90625 0.172917 0.053125 0.0208333 0.355242
0 0.365625 0.273958 0.065625 0.0145833 0.374647
0 0.910937 0.259375 0.053125 0.01875 0.384223
0 0.342187 0.896875 0.065625 0.01875 0.430936
0 0.895312 0.928125 0.046875 0.0145833 0.476508
0 0.475781 0.90625 0.0578125 0.0125 0.476946
0 0.910937 0.423958 0.05625 0.0145833 0.520011
0 0.733594 0.914583 0.0578125 0.0125 0.532021
0 0.346875 0.913542 0.06875 0.01875 0.542103
0 0.747656 0.151042 0.0578125 0.01875 0.573017
0 0.0617188 0.628125 0.0515625 0.0145833 0.573479
0 0.109375 0.853125 0.05625 0.01875 0.576351
0 0.685938 0.640625 0.0625 0.0145833 0.582477
0 0.910937 0.440625 0.05625 0.0145833 0.605081
0 0.547656 0.842708 0.0671875 0.0145833 0.628673
0 0.0578125 0.704167 0.05625 0.0166667 0.631372
0 0.228906 0.544792 0.0609375 0.0145833 0.64531
0 0.90625 0.151042 0.05 0.01875 0.678072
0 0.419531 0.594792 0.0703125 0.0145833 0.681323
0 0.0632813 0.567708 0.0515625 0.0145833 0.681458
0 0.48125 0.80625 0.065625 0.0125 0.687735
0 0.857031 0.663542 0.0515625 0.0145833 0.695747
0 0.730469 0.957292 0.0546875 0.0145833 0.698897
0 0.84375 0.905208 0.053125 0.0145833 0.699931
0 0.485938 0.579167 0.06875 0.0125 0.703341
0 0.626562 0.238542 0.0625 0.0145833 0.714042
0 0.678125 0.765625 0.0625 0.0145833 0.723208
0 0.688281 0.132292 0.0609375 0.01875 0.724038
0 0.307031 0.210417 0.0640625 0.0166667 0.72408
0 0.689062 0.3875 0.0625 0.0166667 0.733558
0 0.560156 0.351042 0.0671875 0.0145833 0.733678
0 0.910156 0.596875 0.0546875 0.0145833 0.73454
0 0.547656 0.798958 0.0671875 0.0145833 0.73537
0 0.553125 0.639583 0.06875 0.0125 0.736405
0 0.80625 0.498958 0.05625 0.0145833 0.737502
0 0.222656 0.83125 0.0609375 0.0208333 0.740327
0 0.625 0.426042 0.065625 0.0145833 0.748087
0 0.907812 0.191667 0.053125 0.0208333 0.748228
0 0.690625 0.334375 0.065625 0.01875 0.75031
0 0.480469 0.742708 0.0671875 0.0145833 0.750446
0 0.491406 0.478125 0.0671875 0.0145833 0.754511
0 0.617969 0.682292 0.0671875 0.0145833 0.756432
0 0.246094 0.189583 0.0578125 0.0166667 0.757411
0 0.410156 0.958333 0.0640625 0.0166667 0.757558
0 0.899219 0.853125 0.0546875 0.0145833 0.760655
0 0.0773437 0.29375 0.0546875 0.0166667 0.760797
0 0.910156 0.516667 0.0515625 0.0125 0.761722
0 0.196094 0.0916667 0.0578125 0.0166667 0.762326
0 0.84375 0.938542 0.059375 0.01875 0.764973
0 0.896875 0.889583 0.053125 0.0166667 0.765154
0 0.349219 0.7375 0.0640625 0.0166667 0.765173
0 0.0578125 0.833333 0.05625 0.0208333 0.765544
0 0.342969 0.95 0.0640625 0.0208333 0.76566
0 0.689844 0.223958 0.0640625 0.01875 0.766372
0 0.0804688 0.245833 0.0546875 0.0166667 0.766507
0 0.0734375 0.36875 0.059375 0.0166667 0.766548
0 0.807813 0.273958 0.059375 0.01875 0.771249
0 0.285937 0.692708 0.0625 0.0145833 0.771613
0 0.352344 0.576042 0.0640625 0.0145833 0.772004
0 0.557813 0.490625 0.06875 0.0145833 0.772622
0 0.801562 0.689583 0.0625 0.0166667 0.773197
0 0.350781 0.684375 0.0640625 0.0145833 0.776169
0 0.689844 0.473958 0.0609375 0.0145833 0.776969
0 0.224219 0.74375 0.0640625 0.0166667 0.777838
0 0.430469 0.258333 0.0703125 0.0166667 0.779145
0 0.675781 0.790625 0.0609375 0.0145833 0.779174
0 0.560938 0.325 0.065625 0.0166667 0.781031
0 0.409375 0.854167 0.065625 0.0166667 0.782537
0 0.688281 0.167708 0.0609375 0.0229167 0.785319
0 0.345313 0.889583 0.0625 0.0166667 0.785521
0 0.5 0.164583 0.065625 0.0166667 0.793555
0 0.492969 0.415625 0.0671875 0.0145833 0.8016
0 0.221875 0.769792 0.0625 0.01875 0.803487
0 0.358594 0.478125 0.0703125 0.0145833 0.804244
0 0.625781 0.372917 0.0640625 0.0166667 0.828825
