0 0.911719 0.419792 0.0546875 0.0145833 0.311682
0 0.059375 0.695833 0.053125 0.0208333 0.319969
0 0.904688 0.159375 0.05 0.0229167 0.337949
0 0.252344 0.135417 0.0578125 0.0166667 0.343894
0 0.910937 0.426042 0.059375 0.01875 0.387709
0 0.342187 0.895833 0.065625 0.0208333 0.457631
0 0.90625 0.170833 0.053125 0.0208333 0.471557
0 0.733594 0.913542 0.0609375 0.0145833 0.503577
0 0.346094 0.916667 0.0609375 0.0166667 0.517688
0 0.0578125 0.705208 0.053125 0.0145833 0.5424
0 0.738281 0.794792 0.0609375 0.0145833 0.596218
0 0.0609375 0.680208 0.053125 0.0145833 0.598581
0 0.548437 0.840625 0.06875 0.0145833 0.607836
0 0.0640625 0.542708 0.05625 0.0145833 0.612534
0 0.90625 0.151042 0.05 0.01875 0.64022
0 0.0640625 0.567708 0.053125 0.0145833 0.643483
0 0.911719 0.438542 0.0546875 0.0145833 0.649684
0 0.349219 0.684375 0.0640625 0.0145833 0.657432
0 0.41875 0.594792 0.071875 0.0145833 0.657807
0 0.848437 0.813542 0.05625 0.0145833 0.692281
0 0.908594 0.191667 0.0515625 0.0208333 0.693747
0 0.48125 0.80625 0.065625 0.0125 0.703848
0 0.114063 0.590625 0.05625 0.0145833 0.7102
0 0.486719 0.580208 0.0703125 0.0145833 0.718876
0 0.253906 0.10625 0.0578125 0.0166667 0.72146
0 0.896094 0.929167 0.0484375 0.0125 0.723563
0 0.228125 0.54375 0.0625 0.0166667 0.728806
0 0.626562 0.238542 0.0625 0.01875 0.730925
0 0.547656 0.798958 0.0671875 0.0145833 0.733078
0 0.142188 0.0927083 0.05 0.0145833 0.733463
0 0.909375 0.596875 0.053125 0.0145833 0.736394
0 0.688281 0.133333 0.0609375 0.0208333 0.736647
0 0.48125 0.742708 0.065625 0.0145833 0.736843
0 0.80625 0.498958 0.05625 0.0145833 0.740612
0 0.857031 0.663542 0.0515625 0.0145833 0.740642
0 0.307031 0.211458 0.0640625 0.01875 0.741625
0 0.84375 0.905208 0.053125 0.0145833 0.745173
0 0.221875 0.832292 0.0625 0.01875 0.746208
0 0.689844 0.222917 0.0640625 0.0208333 0.747675
0 0.246094 0.191667 0.0578125 0.0166667 0.74952
0 0.560156 0.352083 0.0671875 0.0166667 0.751108
0 0.689062 0.3875 0.0625 0.0166667 0.751157
0 0.492188 0.478125 0.06875 0.0145833 0.751321
0 0.553125 0.639583 0.06875 0.0125 0.751435
0 0.678906 0.765625 0.0640625 0.0145833 0.757165
0 0.899219 0.853125 0.0515625 0.0145833 0.757732
0 0.910156 0.516667 0.0515625 0.0125 0.757871
0 0.690625 0.334375 0.065625 0.01875 0.759138
0 0.410156 0.957292 0.0640625 0.01875 0.760003
0 0.557031 0.489583 0.0703125 0.0166667 0.763077
0 0.617969 0.682292 0.0671875 0.0145833 0.763189
0 0.348437 0.7375 0.0625 0.0166667 0.763293
0 0.625 0.426042 0.065625 0.0145833 0.763833
0 0.196094 0.0916667 0.0578125 0.0166667 0.765006
0 0.844531 0.938542 0.0578125 0.01875 0.765026
0 0.34375 0.95 0.065625 0.0208333 0.766087
0 0.0734375 0.367708 0.05625 0.0145833 0.766243
0 0.627344 0.0989583 0.0640625 0.0229167 0.76781
0 0.800781 0.689583 0.0609375 0.0166667 0.767911
0 0.689844 0.476042 0.0609375 0.0145833 0.770587
0 0.43125 0.258333 0.071875 0.0166667 0.771367
0 0.0578125 0.833333 0.05625 0.0166667 0.771799
0 0.08125 0.245833 0.05625 0.0166667 0.772499
0 0.807031 0.272917 0.0578125 0.0208333 0.77421
0 0.285937 0.691667 0.0625 0.0166667 0.775824
0 0.73125 0.95625 0.059375 0.0166667 0.777303
0 0.352344 0.576042 0.0640625 0.0145833 0.777392
0 0.078125 0.29375 0.05625 0.0166667 0.778769
0 0.897656 0.889583 0.0515625 0.0166667 0.779641
0 0.411719 0.852083 0.0671875 0.0166667 0.784694
0 0.688281 0.167708 0.0609375 0.0229167 0.786461
0 0.222656 0.769792 0.0609375 0.01875 0.787869
0 0.560938 0.325 0.065625 0.0166667 0.793127
0 0.225 0.74375 0.0625 0.0166667 0.793246
0 0.677344 0.790625 0.0609375 0.0145833 0.795533
0 0.345313 0.890625 0.0625 0.0145833 0.796181
0 0.358594 0.478125 0.0671875 0.0145833 0.80038
0 0.501562 0.166667 0.065625 0.0166667 0.802136
0 0.492969 0.415625 0.0671875 0.0145833 0.821308
0 0.625781 0.372917 0.0640625 0.0166667 0.828252
