0 0.0734375 0.408333 0.059375 0.0166667 0.337609
0 0.346094 0.948958 0.0671875 0.01875 0.379804
0 0.249219 0.1375 0.0609375 0.0166667 0.400795
0 0.344531 0.940625 0.0671875 0.0229167 0.461036
0 0.911719 0.373958 0.0546875 0.01875 0.490852
0 0.903906 0.0197917 0.0515625 0.0229167 0.540339
0 0.482031 0.808333 0.0640625 0.0166667 0.551152
0 0.907812 0.171875 0.053125 0.0229167 0.623672
0 0.34375 0.926042 0.065625 0.01875 0.65425
0 0.0617188 0.629167 0.0546875 0.0166667 0.672075
0 0.0585938 0.705208 0.0546875 0.01875 0.69706
0 0.225781 0.65 0.0609375 0.0166667 0.709335
0 0.908594 0.21875 0.0515625 0.0208333 0.710701
0 0.548437 0.797917 0.065625 0.0166667 0.711373
0 0.0640625 0.542708 0.059375 0.01875 0.721309
0 0.142188 0.0927083 0.05 0.0145833 0.727832
0 0.628125 0.241667 0.071875 0.0208333 0.730831
0 0.691406 0.334375 0.0671875 0.0229167 0.744218
0 0.107031 0.802083 0.0609375 0.0208333 0.744557
0 0.689844 0.165625 0.0609375 0.0229167 0.747462
0 0.858594 0.605208 0.0546875 0.0145833 0.748024
0 0.502344 0.084375 0.0671875 0.01875 0.749181
0 0.844531 0.9375 0.0546875 0.0166667 0.751513
0 0.08125 0.246875 0.05625 0.01875 0.752482
0 0.54375 0.901042 0.065625 0.01875 0.762648
0 0.222656 0.832292 0.0609375 0.0229167 0.764593
0 0.196094 0.0916667 0.0609375 0.0208333 0.76617
0 0.910156 0.260417 0.0546875 0.0208333 0.766929
0 0.911719 0.45625 0.0546875 0.0166667 0.76956
0 0.248437 0.191667 0.0625 0.0208333 0.772576
0 0.348437 0.698958 0.065625 0.01875 0.786414
0 0.225 0.742708 0.065625 0.01875 0.805774
0 0.626562 0.372917 0.06875 0.0208333 0.813285
