0 0.0742188 0.409375 0.0640625 0.0145833 0.390598
0 0.622656 0.4875 0.0671875 0.0166667 0.433081
0 0.802344 0.126042 0.0515625 0.01875 0.441855
0 0.903125 0.01875 0.05 0.0208333 0.442457
0 0.0617188 0.629167 0.0546875 0.0166667 0.575807
0 0.480469 0.83125 0.0640625 0.0208333 0.65922
0 0.250781 0.135417 0.0609375 0.0166667 0.678717
0 0.805469 0.172917 0.0546875 0.0208333 0.679699
0 0.0632813 0.566667 0.0546875 0.0166667 0.682731
0 0.0585938 0.704167 0.0578125 0.0166667 0.68434
0 0.545313 0.836458 0.0625 0.01875 0.686134
0 0.857031 0.196875 0.0515625 0.0229167 0.700443
0 0.345313 0.953125 0.071875 0.0229167 0.702736
0 0.805469 0.216667 0.0546875 0.0208333 0.71276
0 0.896875 0.892708 0.059375 0.0229167 0.721025
0 0.908594 0.186458 0.0515625 0.0229167 0.722367
0 0.548437 0.797917 0.065625 0.0166667 0.731863
0 0.626562 0.239583 0.071875 0.0208333 0.737878
0 0.06875 0.447917 0.059375 0.0166667 0.739756
0 0.560938 0.338542 0.06875 0.01875 0.742502
0 0.54375 0.902083 0.0625 0.0208333 0.742575
0 0.482812 0.807292 0.065625 0.01875 0.743855
0 0.225781 0.645833 0.0640625 0.0208333 0.743998
0 0.430469 0.257292 0.0703125 0.01875 0.74788
0 0.360156 0.382292 0.0671875 0.01875 0.758545
0 0.492969 0.414583 0.0671875 0.0208333 0.760657
0 0.564062 0.0947917 0.059375 0.01875 0.762398
0 0.688281 0.166667 0.0609375 0.0208333 0.768127
0 0.498437 0.210417 0.06875 0.0166667 0.770093
0 0.294531 0.439583 0.0703125 0.0166667 0.771164
0 0.9125 0.351042 0.053125 0.01875 0.771174
0 0.628906 0.114583 0.0640625 0.0208333 0.77489
0 0.911719 0.261458 0.0546875 0.01875 0.775796
0 0.0867188 0.176042 0.0546875 0.01875 0.778421
0 0.5 0.164583 0.065625 0.0166667 0.78073
0 0.750781 0.283333 0.0609375 0.0208333 0.782306
0 0.627344 0.370833 0.0671875 0.0208333 0.785104
0 0.842969 0.941667 0.0640625 0.0208333 0.787308
0 0.911719 0.45625 0.0546875 0.0166667 0.788877
0 0.607031 0.9625 0.0703125 0.0208333 0.808808
