0 0.432813 0.1625 0.0625 0.0125 0.317185
0 0.805469 0.475 0.0546875 0.0125 0.349026
0 0.364844 0.251042 0.0578125 0.0145833 0.352686
0 0.108594 0.897917 0.0546875 0.0166667 0.353822
0 0.367188 0.244792 0.059375 0.0145833 0.356298
0 0.354688 0.43125 0.059375 0.0125 0.35648
0 0.739062 0.833333 0.0625 0.0125 0.361367
0 0.789062 0.183333 0.078125 0.0166667 0.366465
0 0.135156 0.183333 0.0546875 0.0125 0.402292
0 0.126563 0.29375 0.05 0.0125 0.410239
0 0.554688 0.68125 0.0625 0.0125 0.416533
0 0.742188 0.720833 0.059375 0.0125 0.423547
0 0.1125 0.730208 0.053125 0.0145833 0.425025
0 0.0609375 0.795833 0.053125 0.0166667 0.432318
0 0.222656 0.935417 0.0609375 0.0166667 0.445476
0 0.367188 0.235417 0.059375 0.0125 0.457455
0 0.553125 0.692708 0.0625 0.0145833 0.462367
0 0.739062 0.783333 0.059375 0.0166667 0.463216
0 0.169531 0.767708 0.0609375 0.0145833 0.464888
0 0.179688 0.35 0.053125 0.0125 0.468083
0 0.135156 0.177083 0.0546875 0.0166667 0.473731
0 0.41875 0.605208 0.06875 0.0145833 0.480102
0 0.624219 0.403125 0.0671875 0.0145833 0.484132
0 0.355469 0.442708 0.0640625 0.0145833 0.485241
0 0.311719 0.127083 0.0609375 0.0125 0.497065
0 0.419531 0.59375 0.0640625 0.0125 0.505199
0 0.427344 0.322917 0.0671875 0.0125 0.508377
0 0.553906 0.698958 0.0671875 0.0145833 0.522282
0 0.739844 0.797917 0.0609375 0.0125 0.530123
0 0.358594 0.435417 0.0609375 0.0125 0.533321
0 0.478125 0.863542 0.06875 0.0145833 0.538842
0 0.419531 0.6 0.0640625 0.0125 0.540172
0 0.485938 0.6 0.065625 0.0125 0.543265
0 0.110937 0.748958 0.05625 0.0145833 0.543369
0 0.359375 0.391667 0.0625 0.0125 0.547782
0 0.421094 0.466667 0.0671875 0.0125 0.561265
0 0.689062 0.111458 0.059375 0.0145833 0.565974
0 0.128906 0.261458 0.0515625 0.0104167 0.569851
0 0.419531 0.610417 0.0640625 0.0125 0.574045
0 0.110156 0.871875 0.0546875 0.0145833 0.575641
0 0.544531 0.823958 0.0609375 0.0145833 0.581747
0 0.907812 0.167708 0.05 0.01875 0.590843
0 0.16875 0.696875 0.059375 0.0145833 0.591744
0 0.164062 0.884375 0.05625 0.0145833 0.593059
0 0.557031 0.620833 0.0640625 0.0125 0.593463
0 0.071875 0.366667 0.053125 0.0125 0.599438
0 0.120312 0.442708 0.05 0.0104167 0.606847
0 0.283594 0.805208 0.0578125 0.0145833 0.611969
0 0.35625 0.447917 0.059375 0.0125 0.61371
0 0.182031 0.291667 0.0546875 0.0125 0.61777
0 0.739844 0.777083 0.0609375 0.0125 0.61778
0 0.117188 0.542708 0.053125 0.0104167 0.621715
0 0.421094 0.445833 0.0671875 0.0125 0.625707
0 0.807813 0.33125 0.053125 0.0166667 0.625823
0 0.346094 0.861458 0.0640625 0.0145833 0.625889
0 0.183594 0.267708 0.0546875 0.0145833 0.628564
0 0.746875 0.60625 0.05625 0.0125 0.632623
0 0.490625 0.422917 0.065625 0.0125 0.63581
0 0.179688 0.330208 0.05625 0.0104167 0.640228
0 0.241406 0.270833 0.0578125 0.0125 0.644645
0 0.110937 0.776042 0.05625 0.0145833 0.644862
0 0.807813 0.320833 0.05625 0.0166667 0.646669
0 0.0617188 0.6625 0.0546875 0.0125 0.651452
0 0.0601562 0.771875 0.0515625 0.0145833 0.652978
0 0.0640625 0.548958 0.053125 0.0104167 0.656069
0 0.896094 0.9375 0.0515625 0.0125 0.656944
0 0.119531 0.40625 0.0484375 0.0125 0.663827
0 0.673437 0.871875 0.0625 0.0145833 0.66908
0 0.296094 0.358333 0.0609375 0.0125 0.671425
0 0.690625 0.258333 0.0625 0.0125 0.671582
0 0.228125 0.570833 0.05625 0.0125 0.672289
0 0.283594 0.639583 0.0609375 0.0125 0.675885
0 0.0617188 0.611458 0.0546875 0.0145833 0.677216
0 0.364062 0.25625 0.059375 0.0125 0.679675
0 0.124219 0.316667 0.0515625 0.0125 0.679991
0 0.485938 0.6375 0.065625 0.0125 0.681709
0 0.626562 0.108333 0.059375 0.0125 0.684566
0 0.305469 0.219792 0.0609375 0.0145833 0.685597
0 0.478125 0.859375 0.0625 0.0145833 0.687042
0 0.194531 0.119792 0.0546875 0.0145833 0.687565
0 0.61875 0.704167 0.059375 0.0125 0.688498
0 0.175 0.3875 0.053125 0.0125 0.688795
0 0.853906 0.757292 0.0546875 0.0145833 0.690034
0 0.558594 0.427083 0.0640625 0.0125 0.696383
0 0.625781 0.228125 0.0609375 0.0145833 0.700868
0 0.896875 0.916667 0.05 0.0125 0.706341
0 0.05625 0.851042 0.05 0.0145833 0.707975
0 0.25 0.111458 0.05625 0.0145833 0.709557
0 0.492969 0.353125 0.0703125 0.0145833 0.713875
0 0.740625 0.685417 0.05625 0.0125 0.717189
0 0.671875 0.934375 0.0625 0.0145833 0.71776
0 0.476562 0.910417 0.059375 0.0125 0.717952
0 0.908594 0.196875 0.0515625 0.01875 0.722442
0 0.230469 0.447917 0.0578125 0.0125 0.7245
0 0.564062 0.138542 0.0625 0.0145833 0.726353
0 0.907812 0.239583 0.053125 0.0166667 0.730927
0 0.171875 0.65 0.05625 0.0125 0.732323
0 0.414844 0.795833 0.0640625 0.0125 0.732671
0 0.410156 0.873958 0.0640625 0.0145833 0.732994
0 0.171875 0.61875 0.053125 0.0125 0.733297
0 0.910937 0.417708 0.05 0.0145833 0.733452
0 0.0898438 0.102083 0.0484375 0.0125 0.734079
0 0.792188 0.910417 0.05625 0.0125 0.74106
0 0.285937 0.778125 0.059375 0.0145833 0.742573
0 0.43125 0.210417 0.0625 0.0125 0.746281
0 0.749219 0.175 0.0578125 0.0166667 0.748196
0 0.690625 0.233333 0.059375 0.0166667 0.749586
0 0.910937 0.369792 0.05 0.0145833 0.755562
0 0.428906 0.276042 0.0640625 0.0145833 0.758216
0 0.80625 0.1875 0.05625 0.0166667 0.75886
0 0.285937 0.740625 0.059375 0.0145833 0.76098
0 0.750781 0.307292 0.0578125 0.0145833 0.761923
0 0.438281 0.0875 0.0609375 0.0125 0.770936
0 0.294531 0.391667 0.0609375 0.0125 0.778436
0 0.435156 0.134375 0.0609375 0.0145833 0.779263
0 0.425781 0.34375 0.0609375 0.0125 0.779965
