0 0.071875 0.405208 0.059375 0.0145833 0.302553
0 0.910937 0.259375 0.053125 0.01875 0.304669
0 0.25 0.1375 0.053125 0.0166667 0.341825
0 0.842969 0.916667 0.0515625 0.0208333 0.380258
0 0.545313 0.842708 0.065625 0.0145833 0.393709
0 0.905469 0.015625 0.0515625 0.0229167 0.401285
0 0.195312 0.0916667 0.053125 0.0166667 0.420347
0 0.408594 0.957292 0.0640625 0.0145833 0.511
0 0.417969 0.594792 0.0671875 0.0145833 0.56942
0 0.907031 0.170833 0.0515625 0.0208333 0.581314
0 0.8 0.744792 0.05625 0.0145833 0.600371
0 0.0640625 0.567708 0.05 0.0145833 0.661405
0 0.675 0.884375 0.0625 0.0145833 0.663077
0 0.683594 0.638542 0.0640625 0.0145833 0.670043
0 0.74375 0.652083 0.05625 0.0125 0.675444
0 0.109375 0.833333 0.05625 0.0208333 0.679448
0 0.801562 0.661458 0.059375 0.0145833 0.682653
0 0.0609375 0.659375 0.053125 0.0145833 0.690744
0 0.140625 0.107292 0.05625 0.0145833 0.712656
0 0.689062 0.133333 0.065625 0.0208333 0.717326
0 0.059375 0.705208 0.053125 0.01875 0.718111
0 0.34375 0.953125 0.065625 0.01875 0.718737
0 0.0625 0.630208 0.053125 0.0145833 0.730475
0 0.547656 0.798958 0.0640625 0.0145833 0.730946
0 0.108594 0.802083 0.0609375 0.0208333 0.733497
0 0.359375 0.421875 0.06875 0.0145833 0.733586
0 0.0640625 0.542708 0.05625 0.0145833 0.735842
0 0.842969 0.905208 0.0515625 0.0145833 0.741943
0 0.682031 0.692708 0.0640625 0.0145833 0.743489
0 0.479688 0.742708 0.0625 0.0145833 0.744561
0 0.907812 0.191667 0.053125 0.0208333 0.747068
0 0.909375 0.516667 0.053125 0.0125 0.747448
0 0.251563 0.10625 0.05625 0.0125 0.748431
0 0.352344 0.576042 0.0640625 0.0145833 0.749186
0 0.307031 0.209375 0.0640625 0.0145833 0.74932
0 0.06875 0.454167 0.059375 0.0166667 0.75017
0 0.430469 0.257292 0.0671875 0.0145833 0.75175
0 0.690625 0.334375 0.065625 0.01875 0.751813
0 0.628125 0.242708 0.06875 0.01875 0.752224
0 0.489844 0.478125 0.0640625 0.0145833 0.753704
0 0.427344 0.386458 0.0671875 0.0145833 0.753766
0 0.499219 0.210417 0.0703125 0.0166667 0.754668
0 0.19375 0.096875 0.05625 0.0145833 0.756051
0 0.345313 0.891667 0.0625 0.0166667 0.760193
0 0.808594 0.330208 0.0578125 0.01875 0.760553
0 0.560156 0.354167 0.0671875 0.0166667 0.761951
0 0.08125 0.246875 0.05625 0.0145833 0.767726
0 0.846094 0.941667 0.0515625 0.0166667 0.768161
0 0.565625 0.114583 0.065625 0.0208333 0.770394
0 0.797656 0.771875 0.0578125 0.0145833 0.771864
0 0.222656 0.832292 0.0609375 0.01875 0.774806
0 0.555469 0.579167 0.0671875 0.0125 0.775712
0 0.689844 0.167708 0.0609375 0.0229167 0.775903
0 0.308594 0.10625 0.0609375 0.0166667 0.776783
0 0.480469 0.805208 0.0640625 0.0145833 0.778809
0 0.286719 0.69375 0.0609375 0.0166667 0.780278
0 0.410156 0.854167 0.0671875 0.0166667 0.780679
0 0.542188 0.902083 0.065625 0.0166667 0.784498
0 0.225781 0.65 0.0609375 0.0166667 0.789346
0 0.357031 0.476042 0.0671875 0.0145833 0.80112
0 0.627344 0.371875 0.0640625 0.01875 0.804881
0 0.225781 0.74375 0.0609375 0.0166667 0.815663
