0 0.683594 0.682292 0.0640625 0.01875 0.32185
0 0.740625 0.792708 0.05625 0.0145833 0.343704
0 0.842969 0.93125 0.0515625 0.0208333 0.348295
0 0.905469 0.146875 0.0515625 0.01875 0.368277
0 0.417969 0.594792 0.0671875 0.0145833 0.45462
0 0.248437 0.117708 0.059375 0.01875 0.471121
0 0.25 0.138542 0.053125 0.0145833 0.491851
0 0.545313 0.842708 0.065625 0.0145833 0.496864
0 0.903906 0.0166667 0.0515625 0.0208333 0.524315
0 0.682813 0.638542 0.065625 0.0145833 0.550791
0 0.842188 0.905208 0.053125 0.0145833 0.593229
0 0.8 0.744792 0.05625 0.0145833 0.602933
0 0.0609375 0.660417 0.053125 0.0125 0.650373
0 0.0632813 0.567708 0.0515625 0.0145833 0.661276
0 0.802344 0.661458 0.0578125 0.0145833 0.674445
0 0.344531 0.953125 0.0640625 0.01875 0.711182
0 0.109375 0.833333 0.05625 0.0208333 0.71513
0 0.689062 0.133333 0.065625 0.0208333 0.715262
0 0.0679687 0.455208 0.0578125 0.0145833 0.716213
0 0.141406 0.107292 0.0546875 0.0145833 0.717717
0 0.0617188 0.630208 0.0515625 0.0145833 0.728371
0 0.547656 0.798958 0.0640625 0.0145833 0.73178
0 0.560156 0.354167 0.0671875 0.0166667 0.733104
0 0.059375 0.70625 0.053125 0.0166667 0.734828
0 0.479688 0.742708 0.0625 0.0145833 0.735292
0 0.553125 0.578125 0.06875 0.0145833 0.735494
0 0.489844 0.478125 0.0640625 0.0145833 0.73891
0 0.0640625 0.542708 0.05625 0.0145833 0.739656
0 0.628125 0.242708 0.06875 0.01875 0.739811
0 0.251563 0.10625 0.05625 0.0125 0.74135
0 0.682031 0.69375 0.0640625 0.0166667 0.741733
0 0.74375 0.653125 0.059375 0.0145833 0.743981
0 0.344531 0.891667 0.0609375 0.0166667 0.74439
0 0.429688 0.25625 0.06875 0.0166667 0.748383
0 0.353125 0.576042 0.065625 0.0145833 0.74939
0 0.410156 0.958333 0.0640625 0.0166667 0.751231
0 0.691406 0.334375 0.0671875 0.01875 0.753199
0 0.908594 0.191667 0.0546875 0.0208333 0.754123
0 0.427344 0.3875 0.0703125 0.0166667 0.756343
0 0.19375 0.0958333 0.05625 0.0166667 0.75696
0 0.798437 0.771875 0.05625 0.0145833 0.757427
0 0.109375 0.802083 0.059375 0.0208333 0.757982
0 0.222656 0.832292 0.0609375 0.01875 0.760153
0 0.499219 0.210417 0.0703125 0.0166667 0.760176
0 0.808594 0.328125 0.0578125 0.01875 0.762057
0 0.223438 0.770833 0.059375 0.0166667 0.764169
0 0.565625 0.114583 0.065625 0.0208333 0.767028
0 0.846094 0.942708 0.0515625 0.0145833 0.769522
0 0.285937 0.69375 0.059375 0.0166667 0.770112
0 0.909375 0.516667 0.053125 0.0125 0.771121
0 0.08125 0.245833 0.05625 0.0166667 0.773931
0 0.689844 0.166667 0.0609375 0.025 0.775176
0 0.479688 0.805208 0.065625 0.0145833 0.779179
0 0.410937 0.853125 0.065625 0.0145833 0.781516
0 0.542969 0.902083 0.0640625 0.0166667 0.782047
0 0.357812 0.475 0.06875 0.0166667 0.785131
0 0.225781 0.65 0.0609375 0.0166667 0.787431
0 0.626562 0.371875 0.065625 0.01875 0.803553
0 0.309375 0.10625 0.0625 0.0166667 0.804465
0 0.225781 0.74375 0.0609375 0.0166667 0.821988
