0 0.478906 0.808333 0.0671875 0.0166667 0.314922
0 0.546875 0.84375 0.065625 0.0166667 0.361879
0 0.140625 0.0875 0.05 0.0125 0.378437
0 0.0726563 0.407292 0.0578125 0.0145833 0.476728
0 0.0617188 0.620833 0.0515625 0.0208333 0.507273
0 0.142969 0.110417 0.0515625 0.0166667 0.541817
0 0.25 0.136458 0.059375 0.01875 0.631461
0 0.911719 0.602083 0.0546875 0.0166667 0.644534
0 0.142969 0.0927083 0.0484375 0.0145833 0.669461
0 0.548437 0.798958 0.065625 0.0145833 0.692141
0 0.346094 0.932292 0.0671875 0.01875 0.706783
0 0.544531 0.902083 0.0640625 0.0166667 0.709597
0 0.126563 0.3125 0.05625 0.0166667 0.710044
0 0.0679687 0.447917 0.0546875 0.0166667 0.713323
0 0.0585938 0.705208 0.0546875 0.01875 0.713932
0 0.164062 0.920833 0.05625 0.0208333 0.714972
0 0.0617188 0.630208 0.0515625 0.0145833 0.718937
0 0.429688 0.294792 0.06875 0.01875 0.720771
0 0.195312 0.0947917 0.059375 0.01875 0.726655
0 0.497656 0.221875 0.0703125 0.01875 0.746458
0 0.689844 0.391667 0.0640625 0.0208333 0.7468
0 0.908594 0.207292 0.0546875 0.0229167 0.754303
0 0.0625 0.610417 0.05625 0.0166667 0.754341
0 0.796875 0.780208 0.0625 0.01875 0.764967
0 0.750781 0.303125 0.0640625 0.0229167 0.76936
0 0.690625 0.267708 0.06875 0.0229167 0.777042
0 0.845312 0.942708 0.05625 0.01875 0.779173
0 0.222656 0.832292 0.0609375 0.0229167 0.780797
0 0.675 0.885417 0.06875 0.0208333 0.786431
0 0.75 0.201042 0.0625 0.0229167 0.788698
0 0.551562 0.716667 0.065625 0.0166667 0.790178
0 0.910937 0.261458 0.059375 0.0229167 0.796229
0 0.49375 0.415625 0.06875 0.01875 0.808598
