0 0.0695312 0.323958 0.0515625 0.0145833 0.307751
0 0.288281 0.602083 0.0671875 0.0166667 0.31557
0 0.419531 0.594792 0.0671875 0.01875 0.323755
0 0.116406 0.540625 0.0515625 0.0145833 0.328238
0 0.364844 0.239583 0.0609375 0.0166667 0.351033
0 0.498437 0.167708 0.0625 0.0145833 0.359568
0 0.164844 0.85 0.0578125 0.0166667 0.373917
0 0.164062 0.898958 0.05625 0.01875 0.376426
0 0.0625 0.58125 0.053125 0.0125 0.399974
0 0.286719 0.595833 0.0640625 0.0166667 0.418309
0 0.626562 0.182292 0.065625 0.0145833 0.430406
0 0.911719 0.5875 0.0484375 0.0125 0.460529
0 0.366406 0.234375 0.0640625 0.0145833 0.463946
0 0.175781 0.385417 0.0515625 0.0125 0.501572
0 0.357812 0.361458 0.0625 0.0145833 0.51007
0 0.433594 0.151042 0.0609375 0.0145833 0.513234
0 0.183594 0.267708 0.0578125 0.0145833 0.516316
0 0.229687 0.448958 0.0625 0.0145833 0.516686
0 0.897656 0.871875 0.0515625 0.0145833 0.518926
0 0.164062 0.891667 0.05625 0.0166667 0.52912
0 0.41875 0.610417 0.06875 0.0125 0.529786
0 0.117969 0.442708 0.0515625 0.0145833 0.55112
0 0.111719 0.734375 0.0546875 0.0145833 0.553721
0 0.808594 0.1875 0.0546875 0.0166667 0.556022
0 0.286719 0.578125 0.0640625 0.0145833 0.557874
0 0.121875 0.405208 0.053125 0.0145833 0.563889
0 0.408594 0.957292 0.0640625 0.0145833 0.571853
0 0.478125 0.95 0.065625 0.0166667 0.574483
0 0.165625 0.863542 0.05625 0.0145833 0.577217
0 0.170312 0.63125 0.05625 0.0166667 0.58573
0 0.114844 0.611458 0.0546875 0.0145833 0.595967
0 0.496875 0.220833 0.059375 0.0125 0.60556
0 0.897656 0.8875 0.0515625 0.0125 0.60925
0 0.179688 0.348958 0.059375 0.0145833 0.612171
0 0.911719 0.629167 0.0515625 0.0125 0.613955
0 0.282813 0.941667 0.059375 0.0166667 0.617852
0 0.0632813 0.547917 0.0546875 0.0125 0.619971
0 0.897656 0.915625 0.0484375 0.0145833 0.624048
0 0.228906 0.467708 0.0609375 0.0145833 0.629127
0 0.678906 0.861458 0.0609375 0.0145833 0.637782
0 0.894531 0.935417 0.0515625 0.0166667 0.638525
0 0.496875 0.182292 0.0625 0.0145833 0.646778
0 0.857031 0.134375 0.0515625 0.01875 0.647462
0 0.224219 0.7625 0.0578125 0.0166667 0.647614
0 0.417969 0.588542 0.0671875 0.0145833 0.653837
0 0.364062 0.25625 0.0625 0.0125 0.661849
0 0.421094 0.465625 0.0640625 0.0145833 0.664396
0 0.610937 0.971875 0.0625 0.0145833 0.665187
0 0.196094 0.084375 0.0546875 0.0145833 0.667404
0 0.801562 0.734375 0.05625 0.0145833 0.668221
0 0.910156 0.417708 0.0484375 0.0145833 0.668584
0 0.8 0.777083 0.05625 0.0125 0.669023
0 0.164844 0.811458 0.0578125 0.0145833 0.671543
0 0.0703125 0.348958 0.05 0.0145833 0.67491
0 0.563281 0.1375 0.0640625 0.0166667 0.682819
0 0.434375 0.134375 0.0625 0.0145833 0.684566
0 0.751562 0.170833 0.059375 0.0166667 0.688609
0 0.165625 0.767708 0.05625 0.0145833 0.688915
0 0.908594 0.170833 0.0484375 0.0166667 0.693797
0 0.689062 0.405208 0.0625 0.0145833 0.694238
0 0.688281 0.617708 0.0671875 0.0145833 0.69441
0 0.296094 0.357292 0.0640625 0.0145833 0.700975
0 0.749219 0.257292 0.0640625 0.0145833 0.703133
0 0.903906 0.0239583 0.0546875 0.0229167 0.706204
0 0.808594 0.432292 0.0578125 0.0145833 0.707937
0 0.807031 0.476042 0.0578125 0.0145833 0.708869
0 0.242969 0.267708 0.0546875 0.0145833 0.709149
0 0.740625 0.780208 0.059375 0.0145833 0.714669
0 0.9125 0.369792 0.05 0.0145833 0.715128
0 0.624219 0.426042 0.0640625 0.0145833 0.716212
0 0.909375 0.194792 0.05 0.01875 0.716618
0 0.0570313 0.791667 0.0546875 0.0166667 0.717486
0 0.135156 0.171875 0.0578125 0.0145833 0.719334
0 0.478125 0.945833 0.059375 0.0125 0.719541
0 0.244531 0.190625 0.0578125 0.0145833 0.71959
0 0.909375 0.2375 0.05 0.0166667 0.720281
0 0.0890625 0.101042 0.05 0.0145833 0.722918
0 0.223438 0.9375 0.059375 0.0166667 0.724899
0 0.486719 0.696875 0.0671875 0.0145833 0.725406
0 0.560938 0.286458 0.065625 0.0145833 0.728093
0 0.19375 0.113542 0.059375 0.0145833 0.729335
0 0.686719 0.432292 0.0609375 0.0145833 0.732387
0 0.349219 0.679167 0.0703125 0.0166667 0.732453
0 0.424219 0.348958 0.0671875 0.0145833 0.732773
0 0.557813 0.432292 0.065625 0.0145833 0.733097
0 0.439063 0.0854167 0.0625 0.0166667 0.735807
0 0.609375 0.904167 0.0625 0.0166667 0.739294
0 0.0601562 0.619792 0.0546875 0.0145833 0.743575
0 0.554688 0.619792 0.06875 0.0145833 0.744248
0 0.739844 0.838542 0.0609375 0.0145833 0.746101
0 0.792969 0.911458 0.0578125 0.0145833 0.749628
0 0.375781 0.096875 0.0609375 0.0145833 0.75192
0 0.622656 0.607292 0.0640625 0.0145833 0.752204
0 0.749219 0.60625 0.0546875 0.0125 0.752633
0 0.858594 0.682292 0.0546875 0.0145833 0.758568
0 0.4875 0.636458 0.065625 0.0145833 0.759462
0 0.746875 0.686458 0.05625 0.0145833 0.761527
0 0.623438 0.459375 0.065625 0.0145833 0.762133
0 0.61875 0.705208 0.0625 0.0145833 0.76416
0 0.35625 0.436458 0.0625 0.0145833 0.764244
0 0.807813 0.322917 0.05625 0.0166667 0.769046
