0 0.744531 0.207292 0.0828125 0.0229167 0.310003
0 0.140625 0.0875 0.05 0.0125 0.384313
0 0.9125 0.351042 0.046875 0.01875 0.406405
0 0.546875 0.84375 0.065625 0.0166667 0.453866
0 0.25 0.135417 0.059375 0.0166667 0.507443
0 0.14375 0.0927083 0.05 0.0145833 0.591641
0 0.910937 0.173958 0.05625 0.0229167 0.625701
0 0.0765625 0.307292 0.05 0.0145833 0.630546
0 0.852344 0.814583 0.0578125 0.0166667 0.636028
0 0.142969 0.110417 0.0515625 0.0166667 0.652089
0 0.430469 0.25625 0.0671875 0.0166667 0.658617
0 0.349219 0.692708 0.0671875 0.01875 0.675972
0 0.911719 0.602083 0.0546875 0.0166667 0.685967
0 0.548437 0.797917 0.065625 0.0166667 0.686676
0 0.346094 0.932292 0.0671875 0.01875 0.688677
0 0.501562 0.0885417 0.065625 0.01875 0.708477
0 0.126563 0.3125 0.05625 0.0166667 0.717632
0 0.195312 0.0947917 0.059375 0.01875 0.720261
0 0.06875 0.447917 0.05625 0.0166667 0.723878
0 0.0625 0.610417 0.05625 0.0166667 0.725619
0 0.0585938 0.705208 0.0546875 0.01875 0.728956
0 0.625 0.48125 0.065625 0.0166667 0.731311
0 0.497656 0.221875 0.0703125 0.01875 0.735322
0 0.690625 0.392708 0.0625 0.01875 0.741611
0 0.54375 0.903125 0.065625 0.01875 0.751999
0 0.796094 0.780208 0.0609375 0.01875 0.759834
0 0.625 0.369792 0.06875 0.01875 0.760659
0 0.164844 0.920833 0.0578125 0.0208333 0.763685
0 0.429688 0.295833 0.06875 0.0166667 0.765674
0 0.750781 0.303125 0.0640625 0.0229167 0.772119
0 0.222656 0.832292 0.0609375 0.0229167 0.772324
0 0.0617188 0.63125 0.0515625 0.0166667 0.777037
0 0.908594 0.207292 0.0546875 0.0229167 0.777923
0 0.689844 0.26875 0.0671875 0.025 0.780148
0 0.674219 0.884375 0.0671875 0.01875 0.785823
0 0.846094 0.94375 0.0546875 0.0166667 0.787618
0 0.75 0.201042 0.0625 0.0229167 0.789902
0 0.551562 0.716667 0.06875 0.0166667 0.798065
0 0.910156 0.261458 0.0578125 0.0229167 0.800124
0 0.49375 0.415625 0.06875 0.01875 0.81089
