0 0.0679687 0.4375 0.0484375 0.0125 0.302864
0 0.228906 0.755208 0.0515625 0.0145833 0.303391
0 0.06875 0.322917 0.046875 0.0125 0.308871
0 0.417969 0.459375 0.0609375 0.0145833 0.310475
0 0.805469 0.43125 0.0546875 0.0125 0.312548
0 0.294531 0.588542 0.0546875 0.0145833 0.322211
0 0.907812 0.179167 0.053125 0.025 0.332736
0 0.684375 0.430208 0.0625 0.0145833 0.373368
0 0.897656 0.886458 0.0515625 0.0145833 0.389541
0 0.360156 0.68125 0.0546875 0.0125 0.408949
0 0.226562 0.763542 0.05 0.0145833 0.433497
0 0.0585938 0.791667 0.0453125 0.0125 0.460535
0 0.153906 0.267708 0.0421875 0.0145833 0.476557
0 0.236719 0.265625 0.0484375 0.0145833 0.487632
0 0.9125 0.41875 0.046875 0.0125 0.49163
0 0.913281 0.405208 0.0453125 0.0145833 0.507633
0 0.557813 0.619792 0.0625 0.0145833 0.51056
0 0.897656 0.917708 0.0515625 0.0145833 0.522038
0 0.227344 0.45 0.0578125 0.0125 0.557274
0 0.6875 0.233333 0.05625 0.0166667 0.557929
0 0.226562 0.467708 0.059375 0.0145833 0.56193
0 0.804688 0.475 0.05625 0.0125 0.568268
0 0.110156 0.735417 0.0484375 0.0125 0.578863
0 0.0679687 0.347917 0.0453125 0.0125 0.583608
0 0.914844 0.370833 0.0453125 0.0125 0.584081
0 0.894531 0.936458 0.0546875 0.01875 0.58457
0 0.283594 0.940625 0.0578125 0.0145833 0.592776
0 0.0734375 0.26875 0.046875 0.0125 0.593655
0 0.621094 0.459375 0.0609375 0.0145833 0.611116
0 0.0828125 0.103125 0.046875 0.0145833 0.61413
0 0.353125 0.3875 0.05625 0.0125 0.615018
0 0.908594 0.19375 0.0515625 0.0166667 0.620272
0 0.185156 0.264583 0.0578125 0.0125 0.62492
0 0.41875 0.448958 0.0625 0.0145833 0.644384
0 0.292969 0.359375 0.0609375 0.0145833 0.648173
0 0.188281 0.116667 0.0546875 0.0166667 0.648391
0 0.907031 0.171875 0.0515625 0.01875 0.666913
0 0.908594 0.2375 0.0515625 0.0166667 0.684959
0 0.738281 0.778125 0.0609375 0.0145833 0.690813
0 0.179688 0.210417 0.05 0.0125 0.694794
0 0.353906 0.435417 0.0578125 0.0125 0.701348
0 0.903906 0.0239583 0.0546875 0.0229167 0.701927
0 0.223438 0.9375 0.05625 0.0166667 0.714773
0 0.0648438 0.617708 0.0515625 0.0145833 0.719278
0 0.805469 0.321875 0.0546875 0.0145833 0.730684
0 0.792188 0.9125 0.05625 0.0166667 0.733525
0 0.292969 0.390625 0.0546875 0.0145833 0.741338
0 0.558594 0.285417 0.0640625 0.0125 0.753234
